   4.6366567e+02   4.6366567e+02   5.2295016e+02   3.2148751e+02   2.2493624e+02   5.6838203e+02
   1.2839781e+02   1.2839781e+02   4.1026943e+02   8.4787422e+02   1.1627146e+03   1.2704566e+03
   9.7752936e+01   9.7752936e+01   3.8925988e+02   6.6305742e+02   5.8573603e+02   7.7839861e+02
   7.6476818e+01   7.6476818e+01   3.5953552e+02   4.8926183e+02   5.7695817e+02   8.8063616e+02
   6.3920422e+01   6.3920422e+01   3.1129503e+02   3.9312755e+02   7.7815478e+02   7.4149532e+02
   6.5245271e+01   6.5245271e+01   2.9460912e+02   5.1177005e+02   6.0245927e+02   6.4293751e+02
   4.9548704e+01   4.9548704e+01   2.7981483e+02   4.6265635e+02   5.5114230e+02   7.8030970e+02
   4.9548704e+01   4.9548704e+01   2.7981483e+02   4.6265635e+02   5.5114230e+02   7.8030970e+02
   6.5245271e+01   6.5245271e+01   2.9460912e+02   5.1177005e+02   6.0245927e+02   6.4293751e+02
   6.3920422e+01   6.3920422e+01   3.1129503e+02   3.9312755e+02   7.7815478e+02   7.4149532e+02
   7.6476818e+01   7.6476818e+01   3.5953552e+02   4.8926183e+02   5.7695817e+02   8.8063616e+02
   9.7752936e+01   9.7752936e+01   3.8925988e+02   6.6305742e+02   5.8573603e+02   7.7839861e+02
   1.2839781e+02   1.2839781e+02   4.1026943e+02   8.4787422e+02   1.1627146e+03   1.2704566e+03
   4.6366567e+02   4.6366567e+02   5.2295016e+02   3.2148751e+02   2.2493624e+02   5.6838203e+02
