   0.0000000e+00  -5.7956170e+00  -4.3922065e+00  -3.6457953e+00  -3.2390152e+00  -2.6701467e+00
   0.0000000e+00  -7.9145843e+00  -5.7254731e+00  -4.7157826e+00  -4.3640074e+00  -3.6774607e+00
   0.0000000e+00  -8.7349809e+00  -6.9849680e+00  -6.2344802e+00  -5.7176344e+00  -4.5695099e+00
   0.0000000e+00  -7.3354386e+00  -5.9376753e+00  -5.3337071e+00  -4.6807948e+00  -3.8321157e+00
   0.0000000e+00  -4.9341155e+00  -3.9839013e+00  -3.5521728e+00  -3.0937716e+00  -2.4463424e+00
   0.0000000e+00  -2.4182103e+00  -1.9321187e+00  -1.7013811e+00  -1.4829900e+00  -1.1105629e+00
   0.0000000e+00  -3.6578992e-01  -2.8138211e-01  -2.4459969e-01  -2.0589745e-01  -1.3946703e-01
   0.0000000e+00   3.6578992e-01   2.8138211e-01   2.4459969e-01   2.0589745e-01   1.3946703e-01
   0.0000000e+00   2.4182103e+00   1.9321187e+00   1.7013811e+00   1.4829900e+00   1.1105629e+00
   0.0000000e+00   4.9341155e+00   3.9839013e+00   3.5521728e+00   3.0937716e+00   2.4463424e+00
   0.0000000e+00   7.3354386e+00   5.9376753e+00   5.3337071e+00   4.6807948e+00   3.8321157e+00
   0.0000000e+00   8.7349809e+00   6.9849680e+00   6.2344802e+00   5.7176344e+00   4.5695099e+00
   0.0000000e+00   7.9145843e+00   5.7254731e+00   4.7157826e+00   4.3640074e+00   3.6774607e+00
   0.0000000e+00   5.7956170e+00   4.3922065e+00   3.6457953e+00   3.2390152e+00   2.6701467e+00
